DegreeMax=3.000000
DegreeMin=0.000000
