averageCC=0.847619
globalCC=0.750000
potentialCount=16.000000
triangleCount=12.000000
