averageCC=0.942424
globalCC=0.807692
potentialCount=26.000000
triangleCount=21.000000
