DegreeMax=4.000000
DegreeMin=2.000000
