averageCC=0.808889
globalCC=0.720000
potentialCount=25.000000
triangleCount=18.000000
