DegreeMax=3.000000
DegreeMin=2.000000
