averageCC=0.666667
globalCC=0.750000
potentialCount=8.000000
triangleCount=6.000000
