addedEdges=2.000000
addedNodes=0.000000
deletedEdgeAdditions=0.000000
deletedEdgeRemovals=0.000000
deletedNodeAdditions=0.000000
deletedNodeRemovals=0.000000
edges=6.000000
edgesToAdd=2.000000
edgesToRemove=1.000000
nodes=5.000000
nodesToAdd=0.000000
nodesToRemove=0.000000
randomSeed=1494504852814.000000
removedEdges=1.000000
removedNodes=0.000000
