averageCC=0.466667
globalCC=0.500000
potentialCount=6.000000
triangleCount=3.000000
