averageCC=0.885714
globalCC=0.600000
potentialCount=15.000000
triangleCount=9.000000
