DegreeMax=3.000000
DegreeMin=1.000000
